start=477.844033
pause=yes
volume=98.000000
