start=873.466667
volume=105.000000
fullscreen=yes
