start=1342.859526
pause=yes
volume=102.000000
