start=571.362458
volume=102.000000
