start=692.108775
pause=yes
volume=102.000000
