start=1088.250000
volume=130.000000
