start=617.416800
volume=130.000000
