start=988.840000
pause=yes
volume=98.000000
