start=1244.920000
pause=yes
volume=120.000000
