start=30.296200
volume=98.000000
