start=31.100000
volume=118.000000
