start=412.045379
volume=102.000000
