start=882.240000
volume=106.000000
