start=5.520000
volume=104.000000
